[
    [
        -0.022919041467679434, 
        0.025395489504719364, 
        -0.041238077791093133, 
        0.070492605659982097, 
        -0.57230212575705175, 
        0.22956713085080666, 
        -0.28923413461064257, 
        0.042345681830174071, 
        0.0041929219965889802, 
        0.0175840936884719, 
        0.098787938767235489, 
        0.087589558271727583, 
        -0.15641263456291124, 
        -0.041961111697356682, 
        -0.12764071470105431, 
        -0.31437363940741597, 
        0.36880654085095776, 
        -0.43915749460403863, 
        -0.077471235340715081, 
        0.17318305131202422, 
        0.048718110008478255, 
        -0.00057388164950396736, 
        -0.0051801717099004482, 
        -0.0057390327579244426, 
        0.0073403299380712245, 
        0.00070449042920017768, 
        -0.0036949905011093944, 
        0.0, 
        0.0, 
        0.0
    ], 
    [
        0.0044438704920912731, 
        -0.0061416488433241323, 
        -0.02412858724167756, 
        0.077762744040009074, 
        0.069568223017759445, 
        0.019485573307756521, 
        0.18137862049521741, 
        0.07330872571362472, 
        -0.1116694928668481, 
        0.26205567933238305, 
        0.84727672053638903, 
        -0.1310416127365944, 
        -0.34437977906192757, 
        -0.015608538517510508, 
        0.094021398287282676, 
        0.013143140324487768, 
        -0.014678105136556208, 
        0.061966111726751816, 
        -0.021374459276737146, 
        -0.033282313211387665, 
        0.0098300966146534635, 
        -0.00087528901379101966, 
        0.0027343782790936379, 
        0.0048022879679305141, 
        0.0046012753210076668, 
        6.6497486595425842e-05, 
        0.0023955734478915587, 
        -1.4318980865985164e-16, 
        -1.0864637288108241e-17, 
        -2.5706011322309289e-27
    ], 
    [
        -0.010994735668597464, 
        -0.054345870538237882, 
        0.6727743561681, 
        0.20436382039420892, 
        -0.028238316614852665, 
        0.00099996692771503557, 
        0.010423566081386008, 
        -0.021475944106285009, 
        0.0050033445955104967, 
        0.016679504021544479, 
        -0.011593083857062109, 
        -0.016027262073774258, 
        -0.017044822652481535, 
        0.0020972136758719484, 
        0.00083547556737993147, 
        -0.0018166347572229832, 
        0.0047954413258462936, 
        -0.0014370109878107714, 
        0.0060557131131658715, 
        -0.00080406673598534383, 
        -0.0016857924437908103, 
        0.00315229731277449, 
        -0.00050573580927114965, 
        0.001733622073242854, 
        0.0019782269861285716, 
        -0.70714119233030492, 
        0.0065600359272278436, 
        3.0861827091333353e-16, 
        -2.3621838599053172e-18, 
        -4.9574788252624403e-29
    ], 
    [
        0.010028377310704439, 
        0.053770931678887378, 
        -0.67199907803795844, 
        -0.20712905507968954, 
        0.027360921078115861, 
        0.00024472527472480139, 
        -0.010617570605433946, 
        0.021266524645276369, 
        -0.0070758648977374229, 
        -0.020271535789548156, 
        0.012456567780563459, 
        0.016542781166804268, 
        0.017027295419133615, 
        -0.0036934052494309228, 
        -0.00099544801735042916, 
        -0.0040780221345908564, 
        -0.0031982425935381123, 
        0.0040455178344086327, 
        -0.0088174039966405875, 
        -0.0068667490077724712, 
        0.003397044806355427, 
        -0.0017656569852374498, 
        -0.0033465382390441122, 
        0.0024573299625754506, 
        0.00088203214359194925, 
        -0.70694114786544437, 
        0.0069467198070262285, 
        1.8617512188848054e-16, 
        2.8658034695873976e-18, 
        4.3128578722955803e-29
    ], 
    [
        -0.038410433593246973, 
        -0.015370465210238365, 
        0.029166591632585673, 
        0.080942035904995144, 
        0.056266668026874737, 
        -0.080652493447641097, 
        -0.12196892188687183, 
        0.2520711153163222, 
        -0.24059809920158595, 
        -0.33204135947882796, 
        0.30639515546418827, 
        0.68496738674925417, 
        0.34322114629546058, 
        0.063115833406534858, 
        0.037045464493514479, 
        -0.12267675251504451, 
        -0.16153808182435056, 
        -0.013421577980062199, 
        -0.032337701573707842, 
        -0.049384774947820266, 
        -0.032597381496489206, 
        -0.043412532421056853, 
        -0.013222154023924779, 
        -0.017526556429736634, 
        -0.0092475156538075996, 
        0.0017314967892122469, 
        -0.010885208247323093, 
        -1.0048241609883577e-16, 
        4.7777041764578153e-17, 
        2.6170334839731584e-27
    ], 
    [
        -0.013918578641661442, 
        0.0068665356870153665, 
        0.035808290728105638, 
        -0.070213925205581479, 
        -0.089575074098336274, 
        -0.13742014534311256, 
        -0.33999970051076472, 
        -0.033761537394103883, 
        0.080154810490551481, 
        -0.27891687369069773, 
        0.31787828291341369, 
        -0.57861184475945882, 
        0.49763654720899014, 
        -0.1230993517503102, 
        -0.19342650958724752, 
        -0.084486589401324919, 
        -0.12137151972471373, 
        0.028615151606495515, 
        -0.034295637554572926, 
        -0.046044207059770637, 
        -0.057075051601514423, 
        0.0069251422811345891, 
        -0.009030725698717346, 
        -0.0062230358005593229, 
        -0.013636958265386094, 
        0.0013235640146026229, 
        -0.0058778427568948726, 
        2.6922328169278054e-16, 
        6.0485625542476555e-17, 
        -3.3027165018122838e-27
    ], 
    [
        -0.026439796362267235, 
        -0.0073372209691062191, 
        -0.099065436720472647, 
        0.30540259197344244, 
        -0.05099555703168418, 
        0.26916625584626686, 
        0.48437690793559401, 
        0.035419140537979114, 
        -0.051099177537218515, 
        0.10263783772474888, 
        -0.081716553093057032, 
        -0.022484294119951773, 
        0.16625684938961643, 
        -0.20013482326934029, 
        -0.42954857199226815, 
        -0.36438434941715137, 
        -0.12849367394594041, 
        0.048395959928313366, 
        -0.11050059747596325, 
        -0.28997929756876328, 
        -0.23310840700909199, 
        0.092741995148401701, 
        0.028122412158114087, 
        0.017420401599333984, 
        0.025197301368535673, 
        0.0025879975147499613, 
        -0.0098055527754270597, 
        1.1975076042101209e-16, 
        -1.3564006078890568e-17, 
        6.3483535759856188e-28
    ], 
    [
        -5.4210108624275222e-20, 
        -5.5511151231257827e-17, 
        0.0, 
        -5.5511151231257827e-17, 
        5.5511151231257827e-17, 
        1.1102230246251565e-16, 
        1.6653345369377348e-16, 
        -1.3877787807814457e-17, 
        1.5959455978986625e-16, 
        2.0469737016526324e-16, 
        5.5511151231257827e-17, 
        2.7755575615628914e-17, 
        -1.1102230246251565e-16, 
        1.1969591984239969e-16, 
        4.2327252813834093e-16, 
        -5.5511151231257827e-17, 
        5.5511151231257827e-17, 
        7.6327832942979512e-17, 
        4.163336342344337e-17, 
        0.0, 
        1.5265566588595902e-16, 
        -1.3986208025063007e-16, 
        5.134781488891349e-16, 
        2.6367796834847468e-16, 
        4.9960036108132044e-16, 
        3.7470027081099033e-16, 
        2.2204460492503131e-16, 
        0.99999999991299127, 
        1.3191546904970126e-05, 
        -4.3726000596202574e-17
    ], 
    [
        0.25048775876510371, 
        -0.097729824211925151, 
        0.1237979156438328, 
        -0.42412329078886268, 
        -0.18192812231420702, 
        0.13148848449927569, 
        0.22714853743116131, 
        0.25251493465635522, 
        -0.035346811283326146, 
        0.023437680803460939, 
        0.011949299188360019, 
        -0.029887854649392549, 
        0.10844818298156043, 
        0.029316452499383285, 
        -0.0021410189154857373, 
        0.074711946419687689, 
        0.00030396465505681119, 
        -0.011155572928570088, 
        0.0065837788772764262, 
        -0.022230694143868385, 
        0.01819714889210898, 
        0.015388039904753936, 
        0.031264332090964714, 
        -0.71871746346646948, 
        0.15907423413903218, 
        -0.00081297525888197463, 
        0.040517982959204918, 
        1.1896256381607004e-17, 
        -7.1571995017561556e-18, 
        1.1547549946027127e-29
    ], 
    [
        0.10421742514333343, 
        -0.069622465561375427, 
        0.1550909943034878, 
        -0.51997082801536476, 
        -0.16948110784401613, 
        0.16696449643245731, 
        0.23641235959161574, 
        0.3031103428581236, 
        -0.040048378435592828, 
        0.075867417368231854, 
        0.016137145410470878, 
        -0.0077091525145326538, 
        0.14544058231685256, 
        -0.067569573837921129, 
        0.0038886173347001739, 
        0.0041049955428381982, 
        -0.041514195078930574, 
        0.031028022906931036, 
        0.11410935585971373, 
        0.17557536114776218, 
        -0.025184957048510301, 
        -0.022677665295660631, 
        -0.015479126072219553, 
        0.62130363625339946, 
        -0.13271494869279835, 
        0.0013442469262359223, 
        -0.022704108829436059, 
        -2.5360035103500341e-16, 
        6.4375205723858534e-18, 
        4.6286167202446805e-28
    ], 
    [
        -0.02986853930451823, 
        -0.015441817476549094, 
        -0.14701550598928009, 
        0.46204880802967024, 
        -0.10918687587701764, 
        -0.05305121303838406, 
        0.21235369558159195, 
        0.24394561961905367, 
        -0.085211833909560705, 
        0.064255470713087681, 
        0.0012339499481097069, 
        -0.1004203803837352, 
        0.28263500142024056, 
        0.01912594749407585, 
        -0.073834157512691873, 
        0.32553597029570641, 
        0.10444217315413097, 
        -0.062552430370640372, 
        0.46968862156358376, 
        0.39916745470810183, 
        0.17562040491943362, 
        -0.0098731104783826868, 
        -0.044194651467997503, 
        -0.056442351517652541, 
        -0.019798384638153303, 
        -0.0053766297170698063, 
        0.0038828301155020926, 
        5.0146272810540012e-17, 
        1.4794551999535475e-18, 
        1.7073164561129729e-28
    ], 
    [
        -0.024662034814243266, 
        -0.17564389803037472, 
        -0.022183090652310604, 
        -0.0038978041700965943, 
        0.0042531819822088056, 
        0.13850802328873127, 
        0.0069912946113021533, 
        -0.29265822111657269, 
        -0.58768489651118705, 
        0.16618607631924021, 
        -0.048915200700918718, 
        -0.15224345450810156, 
        0.29335998967956767, 
        0.29448131437400332, 
        0.37021873709283321, 
        -0.22283887238144592, 
        0.2682068891071227, 
        0.11420797802769503, 
        0.0137171267787305, 
        -0.010638809406562883, 
        -0.09537200467972938, 
        0.079635614500692412, 
        -0.065564972181915829, 
        0.004859205625518696, 
        0.00024481190684878774, 
        0.0019027694913976048, 
        0.0054293728437610506, 
        -4.1842270230953794e-17, 
        -6.7745724623715145e-17, 
        3.0281932912876641e-28
    ], 
    [
        0.05018722337903106, 
        -0.087606355757319218, 
        0.012925085368265615, 
        -0.062360292467914163, 
        0.042181547751456869, 
        0.32162751457720001, 
        0.041681510590412814, 
        -0.46881115033137033, 
        -0.19422285784533375, 
        -0.19672736895633205, 
        0.079609913587618805, 
        0.12489159520206448, 
        0.031966644657480454, 
        -0.65912332527046424, 
        0.051527605226369226, 
        0.27479089175142485, 
        -0.024447564401998995, 
        -0.084354019364847987, 
        0.044024958391664232, 
        0.077706166102812474, 
        0.16616219687939993, 
        0.0552612448835317, 
        -0.00032839609312211387, 
        -0.025217980483939372, 
        -0.0012917264666487379, 
        0.00036304336389301843, 
        -0.0049069902135013485, 
        1.2265888050653941e-16, 
        5.8103235911661336e-17, 
        8.5716288859433125e-28
    ], 
    [
        0.0047442751159710722, 
        0.2169993840756011, 
        0.070392243367606064, 
        -0.18817243990443325, 
        0.059532402432837604, 
        -0.054630985428413173, 
        -0.18633555476129299, 
        -0.16805173330024722, 
        -0.49866559073978345, 
        0.1530615000550499, 
        -0.024051349256631237, 
        0.030019406329132997, 
        -0.1607692804364215, 
        0.19113208416721175, 
        -0.62891927815891724, 
        0.10358173520823533, 
        -0.18658671799796034, 
        -0.035919640040639439, 
        0.18469138541781471, 
        0.069773111536233667, 
        0.010304016332526528, 
        -0.12249754226403511, 
        0.10028106312447105, 
        -0.022772649841078629, 
        -0.0039534122527322708, 
        -0.0014745099616659176, 
        -0.0048605035911107415, 
        4.1936652745356556e-16, 
        -7.8954485944975677e-17, 
        2.9091289291300973e-28
    ], 
    [
        0.19258775385436236, 
        0.52347195257954648, 
        0.055895769271456022, 
        -0.027272877509397588, 
        0.032662634374922811, 
        -0.019449710608435172, 
        0.0029893603793213885, 
        0.0029854383501311784, 
        -0.016135704936506012, 
        0.0059830458478429775, 
        0.0079816533023582686, 
        0.029710646308694532, 
        0.0070042481991071989, 
        -0.056510999828486681, 
        5.1703338415445247e-05, 
        -0.033732952820491977, 
        0.078240159016782163, 
        0.049567534040935085, 
        0.04660164217381315, 
        -0.012608822542086378, 
        -0.03152798455241243, 
        0.27678601621156051, 
        -0.76604340732102894, 
        -0.0097526530090703521, 
        0.048711647971855787, 
        0.0025822590329886582, 
        0.011050010437267334, 
        4.4323247102797412e-16, 
        -1.3046685108477868e-17, 
        2.4794632789556374e-29
    ], 
    [
        0.19030583629457062, 
        0.45339098593444904, 
        0.028015170842901276, 
        0.044893509123837209, 
        0.031611085965092031, 
        0.051098495906359724, 
        0.075979294643747516, 
        -0.027391875199118093, 
        0.0079644900075622766, 
        -0.02586004026877901, 
        0.0042383407429209055, 
        -0.025228814070415939, 
        0.091506958893894763, 
        -0.12582391471144977, 
        0.15828466003574196, 
        -0.06081671135213855, 
        0.22672121292508984, 
        0.04665678902489976, 
        0.087162957036912431, 
        -0.094519317791587398, 
        -0.14614137339687847, 
        -0.76258018763991009, 
        0.13344882530751634, 
        -0.010788108878506756, 
        -0.0018173120801529535, 
        -0.00054375781458752674, 
        0.004118382786475713, 
        -3.9480980715228489e-16, 
        7.0837847409635689e-17, 
        7.0538125299999907e-28
    ], 
    [
        -0.16396184057375468, 
        -0.52282729593817834, 
        -0.04021885769979109, 
        -0.015750863370836813, 
        -0.024398486089139644, 
        0.01550173265798609, 
        0.0063431189023141913, 
        -0.03140829344509969, 
        0.016673199742250761, 
        -0.006887357712789496, 
        -0.012921418804686439, 
        -0.01453690306325456, 
        -0.074636280788257792, 
        0.038821452475081161, 
        -0.13830851823839829, 
        0.041710886736042549, 
        -0.083296503842432576, 
        -0.036614452305079419, 
        -0.032905816808846126, 
        -0.053561637652838869, 
        0.0039302453606704178, 
        -0.53039959515961921, 
        -0.60998194276728201, 
        -0.016443851087464288, 
        0.03747169875747558, 
        0.0015882988075126049, 
        0.0080607125481857219, 
        2.5289244562420109e-16, 
        2.3720735290113496e-17, 
        9.996539756332559e-29
    ], 
    [
        0.24884816636195775, 
        0.1614221955929098, 
        -0.028844733139814217, 
        0.13857597032196076, 
        -0.055380802591570147, 
        0.24676362836201124, 
        0.097137540591754876, 
        -0.13421433835141555, 
        0.031283798656103798, 
        0.027615557450039262, 
        -0.0080845028294003387, 
        -0.088653159016411909, 
        0.10542890475675493, 
        0.30442970749108722, 
        0.15381090644874318, 
        -0.035756106161589328, 
        -0.54395421270806976, 
        -0.24530630412986032, 
        -0.32842342979144984, 
        0.17493196166717792, 
        0.38567330723978638, 
        -0.12070811501865684, 
        -0.019424296845864174, 
        0.05588133279080322, 
        0.028630638683475425, 
        -0.0013397851379918573, 
        0.0042673271730955245, 
        -1.1687173830476836e-16, 
        -1.0774358169687437e-17, 
        -4.1507809813455553e-28
    ], 
    [
        -0.14458926316607165, 
        0.09043126228952604, 
        0.012417734854257597, 
        -0.0019188142368529895, 
        0.026295467076780311, 
        0.33987599123470008, 
        0.21679162929469228, 
        -0.058251167929795442, 
        0.042757856146740783, 
        -0.55380266708494619, 
        0.093190795127344767, 
        -0.06364576444991786, 
        -0.10162139036149001, 
        0.39193861943272085, 
        -0.18811459229308958, 
        0.27739670664328869, 
        0.29701345852077782, 
        0.1637764957576118, 
        -0.22873547118174481, 
        0.098171007321289083, 
        -0.088422961195598282, 
        0.026372149923694615, 
        -0.00021185013408771508, 
        0.016540570821580204, 
        -0.1439363248470146, 
        0.00026174568439747909, 
        -0.010810423208661166, 
        9.6996594670777599e-17, 
        -1.3616424517621985e-18, 
        -2.50015257372079e-27
    ], 
    [
        0.43493034000151876, 
        -0.14494456577528286, 
        -0.029627941868852817, 
        0.074242714704826546, 
        -0.045471852140816532, 
        -0.093574574013962825, 
        -0.0064662778119701468, 
        -0.033783353825149791, 
        -0.011707376427254505, 
        -0.043158577069123912, 
        0.010538939328301793, 
        0.0094282299306638027, 
        -0.019482907972033288, 
        0.072850844164736903, 
        -0.060261330566910028, 
        0.090759226201180071, 
        0.10639337522889419, 
        -0.055742885640273444, 
        0.04120252895945014, 
        -0.25028791619508678, 
        0.070068104824712762, 
        0.030316852422647752, 
        -0.0048267926192705419, 
        0.038167980847925873, 
        -0.17921714179407644, 
        -0.0071938932137732871, 
        -0.79588120316710265, 
        2.2391029926837694e-16, 
        -9.5820478452256352e-18, 
        -2.3874392759103067e-28
    ], 
    [
        0.12059174276720563, 
        -0.082268875711669423, 
        -0.00052515901247220977, 
        0.069573064385968969, 
        0.33920899690187639, 
        0.39674536589947179, 
        -0.28225434275845285, 
        0.32100549932709627, 
        -0.044663597095974714, 
        -0.10955934141277486, 
        -0.07814748993591808, 
        -0.10777609362635181, 
        -0.15824090503478866, 
        -0.082308761020897583, 
        -0.058348865262138935, 
        -0.34214510608154863, 
        0.060799040617774761, 
        0.35322581266245745, 
        0.16404907144345152, 
        0.049055824281321665, 
        0.41803770346966068, 
        -0.024286123112600692, 
        0.0043577478973202159, 
        -0.031007226744717033, 
        0.016335120268286065, 
        0.0021135640473529931, 
        -0.016818797566591801, 
        6.4272061416587535e-18, 
        1.3751873574041993e-17, 
        -6.2129244011378565e-28
    ], 
    [
        0.047489902559131859, 
        -0.0044805182670846662, 
        -0.023049106358829039, 
        0.049361038046629592, 
        -0.17502279757663675, 
        -0.27987250060045005, 
        0.20294580927854181, 
        0.11024539117843216, 
        -0.34528413976812061, 
        -0.51685595719190558, 
        -0.13413330688207373, 
        -0.22839817306780316, 
        -0.40557599926609844, 
        -0.1079667335065389, 
        0.20001641666786787, 
        -0.23074933088204122, 
        -0.24441505237598782, 
        -0.082769970185306796, 
        0.14189746054068095, 
        0.080918338811013971, 
        -0.11493344176254175, 
        0.0011639044261906699, 
        -0.0038989867469058073, 
        -0.0051874811129010547, 
        0.0028864126298041755, 
        0.00111735314373827, 
        8.3110369863776415e-05, 
        3.0962701806383242e-16, 
        4.4788305909966924e-17, 
        -1.9012093881279684e-27
    ], 
    [
        -0.23580772747172726, 
        0.12566294221843849, 
        0.011140888501634956, 
        0.021346729829107812, 
        -0.085457301329446012, 
        -0.21329233129008207, 
        0.039611471101817661, 
        0.3216771144269473, 
        -0.34826783416460866, 
        0.077805252085010504, 
        -0.1278495069871082, 
        -0.10946183834512223, 
        0.035540132029243235, 
        -0.21121748038511912, 
        -0.011462212979446372, 
        0.2209341498077933, 
        0.17954347290905365, 
        0.030774193448383481, 
        -0.52278224156599207, 
        -0.21491282732258335, 
        0.40159058264929293, 
        -0.048781743618052618, 
        -0.0064812611241276789, 
        0.042443885791923215, 
        -0.029035363669307104, 
        0.0021210430829484315, 
        -0.025957577944947303, 
        7.5629252089066473e-17, 
        -5.3093756830747725e-17, 
        2.1849990116007718e-28
    ], 
    [
        -0.17531279007110678, 
        0.063408294935533141, 
        0.024032133994506162, 
        -0.1361488912194147, 
        -0.30152643187958056, 
        -0.27882823866545048, 
        0.26838861095414568, 
        -0.35500269526236755, 
        0.17252188588570155, 
        -0.057064464453662284, 
        0.088988199753931074, 
        0.14153088123581156, 
        0.047810024882504132, 
        0.070581282655550401, 
        -0.082711305293053428, 
        -0.29240040064209138, 
        0.063854235648877156, 
        0.36017381390185615, 
        0.1673179673324682, 
        -0.005152193080855523, 
        0.50247222824054349, 
        -0.037742618272613167, 
        0.014489529601410161, 
        -0.032764009023036098, 
        -0.021309012619466897, 
        0.0019533430731638038, 
        -0.036915452795495941, 
        -2.5503954837868305e-16, 
        2.4617561079877337e-17, 
        2.8728952140435534e-28
    ], 
    [
        0.42868031134953188, 
        -0.14394186584227947, 
        -0.031673140326094237, 
        0.084398077471265806, 
        -0.050077346778133427, 
        -0.12975640566564006, 
        -0.020023691582432012, 
        -0.037790080914366551, 
        -0.018384783394301222, 
        0.009897025954214024, 
        -0.0013348151995816668, 
        0.033575643063875893, 
        -0.018251504919763673, 
        0.0015896535405566839, 
        -0.078951488236088885, 
        0.014443330442372528, 
        0.071578428459133453, 
        0.026198048173473307, 
        -0.040901793001047404, 
        -0.129775420260418, 
        0.060677441620472963, 
        0.016558636711371037, 
        -0.018041885404315297, 
        -0.03777850005497254, 
        -0.68870819067857636, 
        0.0038247544602994857, 
        0.50349266412026772, 
        3.2259106401050809e-16, 
        -1.1372662514585379e-17, 
        9.24606703082708e-29
    ], 
    [
        -5.8162413921372569e-32, 
        -3.9593717693947804e-26, 
        -3.2311742677852644e-24, 
        -5.3185128447745451e-24, 
        -2.1175823681357508e-22, 
        0.0, 
        0.0, 
        -8.6736173798840355e-19, 
        0.0, 
        0.0, 
        5.5511151231257827e-17, 
        0.0, 
        2.7755575615628914e-17, 
        0.0, 
        2.7755575615628914e-17, 
        -2.7755575615628914e-17, 
        -1.3877787807814457e-17, 
        -1.3877787807814457e-17, 
        0.0, 
        3.4694469519536142e-18, 
        -6.9388939039072284e-18, 
        -1.1102230246251565e-16, 
        8.6736173798840355e-19, 
        -4.3368086899420177e-19, 
        -8.1315162936412833e-20, 
        2.439454888092385e-19, 
        2.0328790734103208e-20, 
        -1.319154690495829e-05, 
        0.99999999991299171, 
        1.9531354206791553e-16
    ], 
    [
        0.31294550061670412, 
        -0.11447912488811501, 
        -0.032589068042814667, 
        0.092077289956542421, 
        -0.046968010194402193, 
        -0.20863308952791967, 
        -0.032608870090368176, 
        -0.052841057871324842, 
        -0.026033156218695515, 
        0.079409964458002968, 
        -0.01407511520603677, 
        0.082002419194696932, 
        -0.011686598516560651, 
        -0.14492222669296403, 
        -0.12646929687553521, 
        -0.058364960319997404, 
        0.054712801611352488, 
        0.41022249328954391, 
        -0.41887377651203861, 
        0.59352060199415957, 
        -0.20752769527640941, 
        -0.046551057352760356, 
        0.013085793573956095, 
        -0.0058166751452999287, 
        0.16204188687111887, 
        -0.0024869084617395419, 
        -0.068428318022031462, 
        2.5522584843630392e-17, 
        -1.8738234331812886e-17, 
        6.0920875629850635e-28
    ], 
    [
        0.0, 
        0.0, 
        0.0, 
        0.0, 
        0.0, 
        0.0, 
        0.0, 
        0.0, 
        0.0, 
        0.0, 
        0.0, 
        0.0, 
        0.0, 
        0.0, 
        0.0, 
        0.0, 
        0.0, 
        0.0, 
        0.0, 
        0.0, 
        0.0, 
        0.0, 
        0.0, 
        0.0, 
        0.0, 
        0.0, 
        0.0, 
        0.0, 
        -1.6653345369377348e-16, 
        1.0
    ], 
    [
        0.39958359610147248, 
        -0.13995541372447329, 
        -0.031832464902506262, 
        0.083962440402849267, 
        -0.082847508315726848, 
        -0.081307431731856256, 
        0.0053679422170640695, 
        -0.040333654748547804, 
        -0.021870016230721295, 
        -0.14412470791072537, 
        0.03240884491715762, 
        0.013644479434186917, 
        -0.016844093055438387, 
        0.11863565909838396, 
        -0.098655726341974712, 
        0.15330822904738223, 
        0.17156852169369, 
        -0.0068066029617876627, 
        0.059582154335292563, 
        -0.30621541991663498, 
        0.12497123135126091, 
        0.041387436912332737, 
        0.058985122805675763, 
        0.28579043389446435, 
        0.62862883883223397, 
        0.0061892344291272538, 
        0.32089296102164883, 
        -4.7533265474904361e-16, 
        -7.5930300388087336e-18, 
        -5.5686733873193323e-28
    ], 
    [
        -0.050263275304560678, 
        0.068507586089878433, 
        -0.057033497299315145, 
        0.14094614326368898, 
        -0.5560822972229903, 
        0.24726704852658721, 
        -0.26606582555346381, 
        0.048159095295393001, 
        -0.036415360303975269, 
        0.076568948707126883, 
        -0.045108186735419609, 
        0.043268942535629767, 
        -0.088873231757181648, 
        0.007943306909870225, 
        0.14709264933471727, 
        0.27159950013044415, 
        -0.29871672124494425, 
        0.49609043178066181, 
        0.085629861245526379, 
        -0.21363715531749761, 
        -0.14936987878506972, 
        -0.0022516142356485505, 
        -0.0031217475460292732, 
        0.0036249220161314166, 
        -0.030449816614711668, 
        0.00021086741090631115, 
        -0.012069445216335965, 
        1.579375671600333e-17, 
        -1.2385809735689359e-17, 
        3.7479007006756617e-28
    ]
]